FID,OBJECTID,fclass,name,主支流,语义一,上游河,Length,ID,起点X,起点y,终点x,终点y,下游起点X,下游起点Y,下游终点Y,下游终点X
0,1,3,三班溪,-1.000000000000000,0.000000000000000,0.000000000000000,6367.980999999999800,0.000000000000000,118.2890015,25.4542999,118.3040009,25.4780998,118.3040009,25.4780998,26.5587997,118.3610001
1,2,2,国宝溪,1.000000000000000,0.000000000000000,0.000000000000000,25302.050999999999000,1.000000000000000,118.1829987,25.5370998,118.3040009,25.4780998,118.3040009,25.4780998,26.5587997,118.3610001
2,3,3,浐溪1,-1.000000000000000,0.000000000000000,0.000000000000000,8866.570999999999900,2.000000000000000,118.3000031,25.5443993,118.3610001,25.5587997,118.3610001,25.5587997,25.7215004,118.4309998
3,4,2,浐溪,1.000000000000000,0.000000000000000,2.000000000000000,19660.866999999998000,3.000000000000000,118.3040009,25.4780998,118.3610001,25.5587997,118.3610001,25.5587997,25.7215004,118.4309998
4,5,3,吴坊洋溪,1.000000000000000,1.000000000000000,0.000000000000000,2645.925000000000200,4.000000000000000,117.0299988,25.5827007,117.0419998,25.5946007,117.0419998,25.5946007,25.7381001,117.0670013
5,6,4,吴坊洋溪1,-1.000000000000000,0.000000000000000,0.000000000000000,1246.334000000000100,5.000000000000000,117.0329971,25.5958996,117.0419998,25.5946007,117.0419998,25.5946007,25.7381001,117.0670013
6,7,3,尤溪8,-1.000000000000000,0.000000000000000,0.000000000000000,22834.910000000000000,6.000000000000000,117.8539963,25.5473995,117.8359985,25.6529999,117.8359985,25.6529999,25.6998997,117.8550034
7,8,2,尤溪,1.000000000000000,1.000000000000000,0.000000000000000,19398.012999999999000,7.000000000000000,117.7239990,25.6539993,117.8359985,25.6529999,117.8359985,25.6529999,25.6998997,117.8550034
8,9,3,文川溪,1.000000000000000,1.000000000000000,2.000000000000000,4770.621000000000100,8.000000000000000,116.7529984,25.6287003,116.7379990,25.6602993,116.7379990,25.6602993,25.6905994,116.7470016
9,10,4,文川溪4,-1.000000000000000,0.000000000000000,0.000000000000000,7981.873999999999800,9.000000000000000,116.7929993,25.6404991,116.7379990,25.6602993,116.7379990,25.6602993,25.6905994,116.7470016
10,11,3,文川溪,1.000000000000000,1.000000000000000,2.000000000000000,4053.280000000000200,10.000000000000000,116.7379990,25.6602993,116.7470016,25.6905994,116.7470016,25.6905994,25.7066002,116.7519989
11,12,3,粗溪,1.000000000000000,1.000000000000000,0.000000000000000,30657.770000000000000,11.000000000000000,118.6620026,25.5953999,118.7519989,25.6910992,118.7519989,25.6910992,25.7348995,118.7399979
12,13,4,福诏溪,-1.000000000000000,0.000000000000000,0.000000000000000,8702.701999999999300,12.000000000000000,118.8130035,25.6688995,118.7519989,25.6910992,118.7519989,25.6910992,25.7348995,118.7399979
13,14,4,文川溪3,-1.000000000000000,0.000000000000000,0.000000000000000,10492.101000000001000,13.000000000000000,116.8040009,25.6609993,116.7470016,25.6905994,116.7470016,25.6905994,25.7066002,116.7519989
14,15,2,尤溪,1.000000000000000,1.000000000000000,2.000000000000000,8816.748999999999800,14.000000000000000,117.8359985,25.6529999,117.8550034,25.6998997,117.8550034,25.6998997,25.7129002,117.9120026
15,16,3,文川溪,1.000000000000000,1.000000000000000,2.000000000000000,2375.357000000000000,15.000000000000000,116.7470016,25.6905994,116.7519989,25.7066002,116.7519989,25.7066002,25.7336998,116.7860031
16,17,2,尤溪,1.000000000000000,1.000000000000000,2.000000000000000,9621.778000000000200,16.000000000000000,117.8550034,25.6998997,117.9120026,25.7129002,117.9120026,25.7129002,25.8052006,117.9710007
17,18,3,尤溪6,-1.000000000000000,0.000000000000000,0.000000000000000,24495.925999999999000,17.000000000000000,118.0070038,25.5986996,117.9120026,25.7129002,117.9120026,25.7129002,25.8052006,117.9710007
18,19,2,大樟溪,1.000000000000000,1.000000000000000,2.000000000000000,30269.458999999999000,18.000000000000000,118.3610001,25.5587997,118.4309998,25.7215004,118.4309998,25.7215004,25.7649994,118.4710007
19,20,4,文川溪2,-1.000000000000000,0.000000000000000,0.000000000000000,6146.357000000000000,19.000000000000000,116.7119980,25.7336006,116.7519989,25.7066002,116.7519989,25.7066002,25.7336998,116.7860031
20,21,3,粗溪,-1.000000000000000,0.000000000000000,2.000000000000000,8129.444999999999700,20.000000000000000,118.7519989,25.6910992,118.7399979,25.7348995,118.7399979,25.7348995,25.8370991,118.8820038
21,22,3,文川溪,1.000000000000000,1.000000000000000,2.000000000000000,8855.146000000000600,21.000000000000000,116.7519989,25.7066002,116.7860031,25.7336998,116.7860031,25.7336998,25.8057995,116.8020020
22,23,2,文川溪,1.000000000000000,1.000000000000000,0.000000000000000,19176.884999999998000,22.000000000000000,116.9789963,25.7068996,117.0670013,25.7381001,117.0670013,25.7381001,25.9757996,117.3119965
23,24,4,文川溪1,-1.000000000000000,0.000000000000000,0.000000000000000,7689.644000000000200,23.000000000000000,116.8109970,25.7138004,116.7860031,25.7336998,116.7860031,25.7336998,25.8057995,116.8020020
24,25,4,梓溪,-1.000000000000000,0.000000000000000,0.000000000000000,26230.152999999998000,24.000000000000000,118.1989975,25.7117996,118.3560028,25.7548008,118.3560028,25.7548008,25.7215004,118.4309998
25,26,3,涌溪,-1.000000000000000,0.000000000000000,2.000000000000000,14206.986000000001000,25.000000000000000,118.3560028,25.7548008,118.4309998,25.7215004,118.4309998,25.7215004,25.7649994,118.4710007
26,27,2,大樟溪,1.000000000000000,1.000000000000000,2.000000000000000,9675.915000000000900,26.000000000000000,118.4309998,25.7215004,118.4710007,25.7649994,118.4710007,25.7649994,25.8083000,118.5859985
27,28,3,尤溪7,-1.000000000000000,0.000000000000000,0.000000000000000,15605.484000000000000,27.000000000000000,117.8180008,25.7854004,117.8550034,25.6998997,117.8550034,25.6998997,25.7129002,117.9120026
28,29,2,大樟溪,1.000000000000000,1.000000000000000,2.000000000000000,13401.675999999999000,28.000000000000000,118.6419983,25.7900009,118.7399979,25.7348995,118.7399979,25.7348995,25.8370991,118.8820038
29,30,3,大喜溪,-1.000000000000000,0.000000000000000,0.000000000000000,16281.380999999999000,29.000000000000000,118.5770035,25.7014999,118.6419983,25.7900009,118.6419983,25.7900009,25.7348995,118.7399979
30,31,3,罗口溪4,-1.000000000000000,0.000000000000000,0.000000000000000,14465.254000000001000,30.000000000000000,116.6480026,25.7196999,116.7170029,25.7956009,116.7170029,25.7956009,25.8325996,116.7740021
31,32,5,琴源溪1,-1.000000000000000,0.000000000000000,0.000000000000000,11181.698000000000000,31.000000000000000,116.8649979,25.7486000,116.8249969,25.7945995,116.8249969,25.7945995,25.8057995,116.8020020
32,33,2,尤溪,1.000000000000000,1.000000000000000,2.000000000000000,16632.580999999998000,32.000000000000000,117.9120026,25.7129002,117.9710007,25.8052006,117.9710007,25.8052006,25.9403000,118.0429993
33,34,3,文川溪,1.000000000000000,1.000000000000000,2.000000000000000,15129.053000000000000,33.000000000000000,116.7860031,25.7336998,116.8020020,25.8057995,116.8020020,25.8057995,25.8325996,116.7740021
34,35,2,大樟溪,1.000000000000000,1.000000000000000,2.000000000000000,7820.247999999999600,34.000000000000000,118.5859985,25.8083000,118.6419983,25.7900009,118.6419983,25.7900009,25.7348995,118.7399979
35,36,4,琴源溪,-1.000000000000000,0.000000000000000,2.000000000000000,3821.059000000000200,35.000000000000000,116.8249969,25.7945995,116.8020020,25.8057995,116.8020020,25.8057995,25.8325996,116.7740021
36,37,2,大樟溪,1.000000000000000,1.000000000000000,2.000000000000000,26443.944000000000000,36.000000000000000,118.4710007,25.7649994,118.5859985,25.8083000,118.5859985,25.8083000,25.7900009,118.6419983
37,38,3,尤溪5,-1.000000000000000,0.000000000000000,0.000000000000000,10370.112999999999000,37.000000000000000,117.8980026,25.8036995,117.9710007,25.8052006,117.9710007,25.8052006,25.9403000,118.0429993
38,39,3,涌溪,1.000000000000000,1.000000000000000,0.000000000000000,51561.326999999997000,38.000000000000000,118.1370010,25.6732006,118.3560028,25.7548008,118.3560028,25.7548008,25.7215004,118.4309998
39,40,2,罗口溪,1.000000000000000,1.000000000000000,2.000000000000000,9716.005999999999400,39.000000000000000,116.7170029,25.7956009,116.7740021,25.8325996,116.7740021,25.8325996,25.9946003,116.8420029
40,41,3,文川溪,-1.000000000000000,0.000000000000000,2.000000000000000,6790.177999999999900,40.000000000000000,116.8020020,25.8057995,116.7740021,25.8325996,116.7740021,25.8325996,25.9946003,116.8420029
41,42,2,大樟溪,1.000000000000000,1.000000000000000,2.000000000000000,23128.219000000001000,41.000000000000000,118.7399979,25.7348995,118.8820038,25.8370991,118.8820038,25.8370991,25.8638000,118.9319992
42,43,4,琴源溪,1.000000000000000,1.000000000000000,0.000000000000000,14440.530000000001000,42.000000000000000,116.8840027,25.8526993,116.8249969,25.7945995,116.8249969,25.7945995,25.8057995,116.8020020
43,44,2,大樟溪,1.000000000000000,1.000000000000000,2.000000000000000,6247.907000000000200,43.000000000000000,118.8820038,25.8370991,118.9319992,25.8638000,118.9319992,25.8638000,25.8656006,118.9449997
44,45,2,大樟溪,1.000000000000000,1.000000000000000,2.000000000000000,1349.874000000000000,44.000000000000000,118.9319992,25.8638000,118.9449997,25.8656006,118.9449997,25.8656006,25.9831009,119.2829971
45,46,3,温泉溪,-1.000000000000000,0.000000000000000,0.000000000000000,19110.924999999999000,45.000000000000000,118.9359970,25.7511005,118.9449997,25.8656006,118.9449997,25.8656006,25.9831009,119.2829971
46,47,3,长庆溪,-1.000000000000000,0.000000000000000,2.000000000000000,7191.144000000000200,46.000000000000000,118.5780029,25.8659000,118.5859985,25.8083000,118.5859985,25.8083000,25.7900009,118.6419983
47,48,2,罗口溪,1.000000000000000,1.000000000000000,0.000000000000000,52192.345999999998000,47.000000000000000,116.5869980,25.7926006,116.7170029,25.7956009,116.7170029,25.7956009,25.8325996,116.7740021
48,49,3,长庆溪,1.000000000000000,1.000000000000000,0.000000000000000,9585.584999999999100,48.000000000000000,118.5149994,25.8899002,118.5780029,25.8659000,118.5780029,25.8659000,25.8083000,118.5859985
49,50,3,富泉溪,-1.000000000000000,0.000000000000000,0.000000000000000,12264.119000000001000,49.000000000000000,118.8270035,25.8908005,118.8820038,25.8370991,118.8820038,25.8370991,25.8638000,118.9319992
50,51,3,大樟溪1,-1.000000000000000,0.000000000000000,0.000000000000000,32377.260999999999000,50.000000000000000,118.4160004,25.9276009,118.4710007,25.7649994,118.4710007,25.7649994,25.8083000,118.5859985
51,52,2,罗坊溪,1.000000000000000,1.000000000000000,0.000000000000000,6408.841000000000300,51.000000000000000,117.0070038,25.9109001,117.0490036,25.9393997,117.0490036,25.9393997,25.9902000,117.0500031
52,53,3,罗坊溪1,-1.000000000000000,0.000000000000000,0.000000000000000,7122.842999999999800,52.000000000000000,117.0599976,25.8994999,117.0490036,25.9393997,117.0490036,25.9393997,25.9902000,117.0500031
53,54,4,一二五溪,-1.000000000000000,0.000000000000000,0.000000000000000,10685.298000000001000,53.000000000000000,118.5839996,25.9402008,118.5780029,25.8659000,118.5780029,25.8659000,25.8083000,118.5859985
54,55,2,尤溪,1.000000000000000,1.000000000000000,2.000000000000000,30695.779999999999000,54.000000000000000,117.9710007,25.8052006,118.0429993,25.9403000,118.0429993,25.9403000,26.0538998,118.1419983
55,56,4,罗口溪3,-1.000000000000000,0.000000000000000,0.000000000000000,14026.883000000000000,55.000000000000000,116.7269974,25.8889999,116.7259979,25.9615002,116.7259979,25.9615002,25.9946003,116.8420029
56,57,3,清凉溪,-1.000000000000000,0.000000000000000,0.000000000000000,22071.499000000000000,56.000000000000000,118.8450012,25.9591999,118.9319992,25.8638000,118.9319992,25.8638000,25.8656006,118.9449997
57,58,2,文川溪,-1.000000000000000,0.000000000000000,2.000000000000000,61916.612999999998000,57.000000000000000,117.0670013,25.7381001,117.3119965,25.9757996,117.3119965,25.9757996,26.0186996,117.3899994
58,59,2,大樟溪,-1.000000000000000,0.000000000000000,2.000000000000000,48427.817000000003000,58.000000000000000,118.9449997,25.8656006,119.2829971,25.9831009,119.2829971,25.9831009,25.9619007,119.3889999
59,60,1,闽江,1.000000000000000,1.000000000000000,2.000000000000000,11066.825000000001000,59.000000000000000,119.2829971,25.9831009,119.3889999,25.9619007,119.3889999,25.9619007,0.0000000,0.0000000
60,61,2,罗坊溪,-1.000000000000000,0.000000000000000,2.000000000000000,10192.281000000001000,60.000000000000000,117.0490036,25.9393997,117.0500031,25.9902000,117.0500031,25.9902000,26.0508003,117.0879974
61,62,3,文江溪,-1.000000000000000,0.000000000000000,2.000000000000000,17822.768000000000000,61.000000000000000,117.9339981,25.9927998,118.0429993,25.9403000,118.0429993,25.9403000,26.0538998,118.1419983
62,63,2,罗口溪,1.000000000000000,1.000000000000000,2.000000000000000,22523.241999999998000,62.000000000000000,116.7740021,25.8325996,116.8420029,25.9946003,116.8420029,25.9946003,26.0058994,116.9420013
63,64,3,文江溪,1.000000000000000,1.000000000000000,2.000000000000000,2785.003000000000200,63.000000000000000,117.8519974,25.9988003,117.8700027,25.9866009,117.8700027,25.9866009,25.9927998,117.9339981
64,65,3,罗口溪2,-1.000000000000000,0.000000000000000,2.000000000000000,19182.866000000002000,64.000000000000000,116.7259979,25.9615002,116.8420029,25.9946003,116.8420029,25.9946003,26.0058994,116.9420013
65,66,3,罗口溪1,-1.000000000000000,0.000000000000000,0.000000000000000,11152.424000000001000,65.000000000000000,116.9029999,25.9508991,116.9420013,26.0058994,116.9420013,26.0058994,26.0321007,116.9580002
66,67,3,文江溪,1.000000000000000,1.000000000000000,2.000000000000000,14199.976000000001000,66.000000000000000,117.8700027,25.9866009,117.9339981,25.9927998,117.9339981,25.9927998,25.9403000,118.0429993
67,68,1,沙溪,1.000000000000000,1.000000000000000,2.000000000000000,12111.234000000000000,67.000000000000000,117.3119965,25.9757996,117.3899994,26.0186996,117.3899994,26.0186996,26.0825005,117.4380035
68,69,2,罗口溪,1.000000000000000,1.000000000000000,2.000000000000000,14463.772000000001000,68.000000000000000,116.8420029,25.9946003,116.9420013,26.0058994,116.9420013,26.0058994,26.0321007,116.9580002
69,70,3,文江溪,1.000000000000000,1.000000000000000,2.000000000000000,7640.546000000000300,69.000000000000000,117.8219986,26.0261002,117.8519974,25.9988003,117.8519974,25.9988003,25.9866009,117.8700027
70,71,2,罗口溪,-1.000000000000000,0.000000000000000,2.000000000000000,4316.850999999999700,70.000000000000000,116.9420013,26.0058994,116.9580002,26.0321007,116.9580002,26.0321007,25.9902000,117.0500031
71,72,1,九龙溪,1.000000000000000,1.000000000000000,2.000000000000000,11630.129000000001000,71.000000000000000,116.9580002,26.0321007,117.0500031,25.9902000,117.0500031,25.9902000,26.0508003,117.0879974
72,73,3,罗口溪2,1.000000000000000,1.000000000000000,0.000000000000000,35330.796000000002000,72.000000000000000,116.5569992,26.0405998,116.7259979,25.9615002,116.7259979,25.9615002,25.9946003,116.8420029
73,74,1,九龙溪,1.000000000000000,1.000000000000000,0.000000000000000,13464.144000000000000,73.000000000000000,117.0500031,25.9902000,117.0879974,26.0508003,117.0879974,26.0508003,25.9757996,117.3119965
74,75,2,尤溪,1.000000000000000,1.000000000000000,2.000000000000000,23847.579000000002000,74.000000000000000,118.0429993,25.9403000,118.1419983,26.0538998,118.1419983,26.0538998,26.1807003,118.1940002
75,76,3,尤溪4,-1.000000000000000,0.000000000000000,0.000000000000000,28139.700000000001000,75.000000000000000,118.3040009,26.0025997,118.1419983,26.0538998,118.1419983,26.0538998,26.1807003,118.1940002
76,77,4,文江溪1,-1.000000000000000,0.000000000000000,0.000000000000000,14856.732000000000000,76.000000000000000,117.9560013,26.0648003,117.9339981,25.9927998,117.9339981,25.9927998,25.9403000,118.0429993
77,78,1,沙溪,1.000000000000000,1.000000000000000,2.000000000000000,11912.344999999999000,77.000000000000000,117.3899994,26.0186996,117.4380035,26.0825005,117.4380035,26.0825005,26.1795006,117.5179977
78,79,2,梅溪,1.000000000000000,1.000000000000000,0.000000000000000,20890.127000000000000,78.000000000000000,118.7480011,25.9638996,118.7669983,26.1067009,118.7669983,26.1067009,26.1250992,118.7389984
79,80,2,沙溪5,-1.000000000000000,0.000000000000000,0.000000000000000,24089.075000000001000,79.000000000000000,117.2799988,26.1067009,117.3899994,26.0186996,117.3899994,26.0186996,26.0825005,117.4380035
80,81,4,文江溪3,-1.000000000000000,0.000000000000000,0.000000000000000,21592.914000000001000,80.000000000000000,117.8730011,26.1089001,117.8700027,25.9866009,117.8700027,25.9866009,25.9927998,117.9339981
81,82,3,文定溪,-1.000000000000000,0.000000000000000,0.000000000000000,15979.825999999999000,81.000000000000000,118.8759995,26.0741005,118.7669983,26.1067009,118.7669983,26.1067009,26.1250992,118.7389984
82,83,4,文江溪4,-1.000000000000000,0.000000000000000,0.000000000000000,13744.402000000000000,82.000000000000000,117.8030014,26.1126003,117.8219986,26.0261002,117.8219986,26.0261002,25.9988003,117.8519974
83,84,2,梅溪,1.000000000000000,1.000000000000000,2.000000000000000,3882.569000000000000,83.000000000000000,118.7669983,26.1067009,118.7389984,26.1250992,118.7389984,26.1250992,26.1812992,118.7929993
84,85,3,芝溪,-1.000000000000000,0.000000000000000,0.000000000000000,22127.191999999999000,84.000000000000000,118.6139984,26.0468998,118.7389984,26.1250992,118.7389984,26.1250992,26.1812992,118.7929993
85,86,1,九龙溪,1.000000000000000,1.000000000000000,2.000000000000000,23858.440999999999000,85.000000000000000,116.8850021,26.1450996,116.9580002,26.0321007,116.9580002,26.0321007,25.9902000,117.0500031
86,87,2,罗口溪,-1.000000000000000,0.000000000000000,0.000000000000000,16999.071000000000000,86.000000000000000,117.0889969,26.1539001,117.0879974,26.0508003,117.0879974,26.0508003,25.9757996,117.3119965
87,88,2,莘口溪,-1.000000000000000,0.000000000000000,0.000000000000000,11572.264999999999000,87.000000000000000,117.5660019,26.1184006,117.5410004,26.1658001,117.5410004,26.1658001,27.5466995,117.4489975
88,89,1,沙溪,1.000000000000000,1.000000000000000,2.000000000000000,17717.294000000002000,88.000000000000000,117.4380035,26.0825005,117.5179977,26.1795006,117.5179977,26.1795006,26.1658001,117.5410004
89,90,1,沙溪,1.000000000000000,1.000000000000000,2.000000000000000,2868.155000000000200,89.000000000000000,117.5179977,26.1795006,117.5410004,26.1658001,117.5410004,26.1658001,27.5466995,117.4489975
90,91,2,尤溪,1.000000000000000,1.000000000000000,2.000000000000000,22005.436000000002000,90.000000000000000,118.1419983,26.0538998,118.1940002,26.1807003,118.1940002,26.1807003,26.2849007,118.2699966
91,92,2,梅溪,1.000000000000000,1.000000000000000,2.000000000000000,12185.152000000000000,91.000000000000000,118.7389984,26.1250992,118.7929993,26.1812992,118.7929993,26.1812992,26.1910000,118.8290024
92,93,1,九龙溪,1.000000000000000,1.000000000000000,2.000000000000000,14175.339000000000000,92.000000000000000,116.7969971,26.1846008,116.8850021,26.1450996,116.8850021,26.1450996,26.0321007,116.9580002
93,94,1,九龙溪,1.000000000000000,1.000000000000000,2.000000000000000,2616.886000000000000,93.000000000000000,116.7760010,26.1882992,116.7969971,26.1846008,116.7969971,26.1846008,26.1450996,116.8850021
94,95,3,昙溪,-1.000000000000000,0.000000000000000,0.000000000000000,10275.941999999999000,94.000000000000000,118.8509979,26.1238995,118.8290024,26.1910000,118.8290024,26.1910000,26.2134991,118.8809967
95,96,2,梅溪,1.000000000000000,1.000000000000000,2.000000000000000,4793.016999999999800,95.000000000000000,118.7929993,26.1812992,118.8290024,26.1910000,118.8290024,26.1910000,26.2134991,118.8809967
96,97,2,穆源溪,-1.000000000000000,0.000000000000000,0.000000000000000,26409.152999999998000,96.000000000000000,118.8799973,26.0568008,118.9960022,26.1975002,118.9960022,26.1975002,26.2010994,119.0660019
97,98,1,闽江,1.000000000000000,1.000000000000000,2.000000000000000,36519.243000000002000,97.000000000000000,119.0660019,26.2010994,119.2829971,25.9831009,119.2829971,25.9831009,25.9619007,119.3889999
98,99,1,闽江,1.000000000000000,1.000000000000000,2.000000000000000,8135.165000000000000,98.000000000000000,118.9960022,26.1975002,119.0660019,26.2010994,119.0660019,26.2010994,25.9831009,119.2829971
99,100,1,沙溪,1.000000000000000,1.000000000000000,2.000000000000000,7917.341000000000300,99.000000000000000,117.5410004,26.1658001,117.5820007,26.2166004,117.5820007,26.2166004,26.2304993,117.5910034
100,101,3,三七零溪,-1.000000000000000,0.000000000000000,0.000000000000000,6795.417999999999700,100.000000000000000,118.7720032,26.2241001,118.7929993,26.1812992,118.7929993,26.1812992,26.1910000,118.8290024
101,102,1,闽江,1.000000000000000,1.000000000000000,2.000000000000000,9117.266999999999800,101.000000000000000,118.9199982,26.2268009,118.9960022,26.1975002,118.9960022,26.1975002,26.2010994,119.0660019
102,103,1,闽江,1.000000000000000,1.000000000000000,2.000000000000000,5479.573000000000300,102.000000000000000,118.8809967,26.2134991,118.9199982,26.2268009,118.9199982,26.2268009,26.1975002,118.9960022
103,104,2,梅溪,-1.000000000000000,0.000000000000000,2.000000000000000,9511.509000000000000,103.000000000000000,118.8290024,26.1910000,118.8809967,26.2134991,118.8809967,26.2134991,26.2268009,118.9199982
104,105,1,沙溪,1.000000000000000,1.000000000000000,2.000000000000000,1999.742000000000000,104.000000000000000,117.5820007,26.2166004,117.5910034,26.2304993,117.5910034,26.2304993,26.4036007,117.8000031
105,106,2,东牙溪,-1.000000000000000,0.000000000000000,0.000000000000000,19922.402999999998000,105.000000000000000,117.6859970,26.1707001,117.5910034,26.2304993,117.5910034,26.2304993,26.4036007,117.8000031
106,107,2,九龙溪6,-1.000000000000000,0.000000000000000,0.000000000000000,7797.931999999999800,106.000000000000000,116.7880020,26.2373009,116.7760010,26.1882992,116.7760010,26.1882992,26.1846008,116.7969971
107,108,3,青印溪,1.000000000000000,1.000000000000000,0.000000000000000,26932.175999999999000,107.000000000000000,117.8880005,26.2071991,118.0179977,26.2416992,118.0179977,26.2416992,26.2000008,118.1139984
108,109,2,九龙溪7,-1.000000000000000,0.000000000000000,0.000000000000000,15854.444000000000000,108.000000000000000,116.5090027,26.1543007,116.4820023,26.2467003,116.4820023,26.2467003,26.2579002,116.6660004
109,110,1,九龙溪,1.000000000000000,1.000000000000000,2.000000000000000,22979.631000000001000,109.000000000000000,116.6660004,26.2579002,116.7760010,26.1882992,116.7760010,26.1882992,26.1846008,116.7969971
110,111,2,九龙溪5,-1.000000000000000,0.000000000000000,0.000000000000000,12802.007000000000000,110.000000000000000,116.8310013,26.2628002,116.7969971,26.1846008,116.7969971,26.1846008,26.1450996,116.8850021
111,112,2,鹰夏溪,-1.000000000000000,0.000000000000000,0.000000000000000,11785.938000000000000,111.000000000000000,117.5329971,26.2663994,117.5820007,26.2166004,117.5820007,26.2166004,26.2304993,117.5910034
112,113,4,青印溪1,-1.000000000000000,0.000000000000000,0.000000000000000,7449.725000000000400,112.000000000000000,118.0179977,26.2754002,118.0179977,26.2416992,118.0179977,26.2416992,26.2000008,118.1139984
113,114,2,嵩溪溪,-1.000000000000000,0.000000000000000,0.000000000000000,25433.482000000000000,113.000000000000000,116.9489975,26.2789993,116.8850021,26.1450996,116.8850021,26.1450996,26.0321007,116.9580002
114,115,1,九龙溪,1.000000000000000,1.000000000000000,2.000000000000000,26680.950000000001000,114.000000000000000,116.4820023,26.2467003,116.6660004,26.2579002,116.6660004,26.2579002,26.1882992,116.7760010
115,116,2,尤溪,1.000000000000000,1.000000000000000,2.000000000000000,22465.776999999998000,115.000000000000000,118.1940002,26.1807003,118.2699966,26.2849007,118.2699966,26.2849007,26.2893009,118.3430023
116,117,2,尚格溪,-1.000000000000000,0.000000000000000,0.000000000000000,10122.879999999999000,116.000000000000000,118.9430008,26.2875996,118.9199982,26.2268009,118.9199982,26.2268009,26.1975002,118.9960022
117,118,3,尤溪2,-1.000000000000000,0.000000000000000,0.000000000000000,7851.216999999999600,117.000000000000000,118.3629990,26.2493992,118.3430023,26.2893009,118.3430023,26.2893009,26.3712997,118.3880005
118,119,2,尤溪,1.000000000000000,1.000000000000000,2.000000000000000,11279.704000000000000,118.000000000000000,118.2699966,26.2849007,118.3430023,26.2893009,118.3430023,26.2893009,26.3712997,118.3880005
119,120,1,九龙溪,1.000000000000000,1.000000000000000,0.000000000000000,19324.841000000000000,119.000000000000000,116.4479980,26.3078003,116.4820023,26.2467003,116.4820023,26.2467003,26.2579002,116.6660004
120,121,2,峰福溪,-1.000000000000000,0.000000000000000,0.000000000000000,17096.579000000002000,120.000000000000000,119.0920029,26.3080006,119.0660019,26.2010994,119.0660019,26.2010994,25.9831009,119.2829971
121,122,2,水茜溪,-1.000000000000000,0.000000000000000,2.000000000000000,10500.366000000000000,121.000000000000000,116.6979980,26.3141003,116.6660004,26.2579002,116.6660004,26.2579002,26.1882992,116.7760010
122,123,2,黄沙溪,-1.000000000000000,0.000000000000000,2.000000000000000,37426.699000000001000,122.000000000000000,117.4000015,26.3342991,117.5179977,26.1795006,117.5179977,26.1795006,26.1658001,117.5410004
123,124,2,水茜溪,1.000000000000000,1.000000000000000,2.000000000000000,7068.533000000000400,123.000000000000000,116.7340012,26.3339005,116.6979980,26.3141003,116.6979980,26.3141003,26.2579002,116.6660004
124,125,3,豆土溪1,1.000000000000000,1.000000000000000,0.000000000000000,17763.305000000000000,124.000000000000000,117.8889999,26.2560005,117.8629990,26.3374996,117.8629990,26.3374996,26.3458004,117.8330002
125,126,4,豆土溪2,-1.000000000000000,0.000000000000000,0.000000000000000,3187.842999999999800,125.000000000000000,117.8880005,26.3358994,117.8629990,26.3374996,117.8629990,26.3374996,26.3458004,117.8330002
126,127,2,黄沙溪,1.000000000000000,1.000000000000000,0.000000000000000,7261.661000000000100,126.000000000000000,117.3440018,26.3353996,117.4000015,26.3342991,117.4000015,26.3342991,26.1795006,117.5179977
127,128,2,豆土溪,1.000000000000000,1.000000000000000,0.000000000000000,21417.468000000001000,127.000000000000000,117.8040009,26.2031002,117.8330002,26.3458004,117.8330002,26.3458004,26.3957005,117.8150024
128,129,3,豆土溪1,-1.000000000000000,0.000000000000000,2.000000000000000,5358.649999999999600,128.000000000000000,117.8629990,26.3374996,117.8330002,26.3458004,117.8330002,26.3458004,26.3957005,117.8150024
129,130,3,水茜溪1,-1.000000000000000,0.000000000000000,0.000000000000000,17942.052000000000000,129.000000000000000,116.8560028,26.3581009,116.7340012,26.3339005,116.7340012,26.3339005,26.3141003,116.6979980
130,131,2,尤溪,1.000000000000000,1.000000000000000,2.000000000000000,13314.740000000000000,130.000000000000000,118.3430023,26.2893009,118.3880005,26.3712997,118.3880005,26.3712997,26.4050999,118.4469986
131,132,1,闽江,1.000000000000000,1.000000000000000,2.000000000000000,26963.271000000001000,131.000000000000000,118.7259979,26.3722992,118.8809967,26.2134991,118.8809967,26.2134991,26.2268009,118.9199982
132,133,3,尤溪3,-1.000000000000000,0.000000000000000,0.000000000000000,14978.933999999999000,132.000000000000000,118.2220001,26.3782005,118.2699966,26.2849007,118.2699966,26.2849007,26.2893009,118.3430023
133,134,2,沙溪3,-1.000000000000000,1.000000000000000,0.000000000000000,13259.482000000000000,133.000000000000000,117.9329987,26.3537006,117.8379974,26.3876991,117.8379974,26.3876991,26.5016003,117.9700012
134,135,3,黄沙溪1,-1.000000000000000,0.000000000000000,0.000000000000000,11762.316000000001000,134.000000000000000,117.4110031,26.3950005,117.4000015,26.3342991,117.4000015,26.3342991,26.1795006,117.5179977
135,136,2,豆土溪,-1.000000000000000,0.000000000000000,2.000000000000000,9047.961999999999500,135.000000000000000,117.8330002,26.3458004,117.8150024,26.3957005,117.8150024,26.3957005,26.3876991,117.8379974
136,137,1,沙溪,1.000000000000000,1.000000000000000,2.000000000000000,3006.790000000000000,136.000000000000000,117.8150024,26.3957005,117.8379974,26.3876991,117.8379974,26.3876991,26.5016003,117.9700012
137,138,3,半溪,-1.000000000000000,0.000000000000000,0.000000000000000,12368.282999999999000,137.000000000000000,116.6740036,26.3959007,116.6979980,26.3141003,116.6979980,26.3141003,26.2579002,116.6660004
138,139,3,尤溪1,-1.000000000000000,0.000000000000000,0.000000000000000,12772.253000000001000,138.000000000000000,118.3030014,26.3999004,118.3880005,26.3712997,118.3880005,26.3712997,26.4050999,118.4469986
139,140,1,沙溪,1.000000000000000,1.000000000000000,2.000000000000000,32544.942999999999000,139.000000000000000,117.5910034,26.2304993,117.8000031,26.4036007,117.8000031,26.4036007,26.3957005,117.8150024
140,141,2,尤溪,-1.000000000000000,0.000000000000000,2.000000000000000,10574.361000000001000,140.000000000000000,118.3880005,26.3712997,118.4469986,26.4050999,118.4469986,26.4050999,26.4188004,118.6589966
141,142,2,水茜溪,1.000000000000000,1.000000000000000,2.000000000000000,16734.097000000002000,141.000000000000000,116.7429962,26.4087009,116.7340012,26.3339005,116.7340012,26.3339005,26.3141003,116.6979980
142,143,1,沙溪,1.000000000000000,1.000000000000000,2.000000000000000,2855.194000000000000,142.000000000000000,117.8000031,26.4036007,117.8150024,26.3957005,117.8150024,26.3957005,26.3876991,117.8379974
143,144,1,闽江,1.000000000000000,1.000000000000000,2.000000000000000,23298.606000000000000,143.000000000000000,118.4469986,26.4050999,118.6589966,26.4188004,118.6589966,26.4188004,26.3722992,118.7259979
144,145,3,水茜溪2,-1.000000000000000,0.000000000000000,0.000000000000000,12192.277000000000000,144.000000000000000,116.8219986,26.4486008,116.7429962,26.4087009,116.7429962,26.4087009,26.3339005,116.7340012
145,146,2,古田溪,-1.000000000000000,0.000000000000000,2.000000000000000,14368.876000000000000,145.000000000000000,118.7649994,26.4652996,118.7259979,26.3722992,118.7259979,26.3722992,27.5079994,118.7340012
146,147,4,古田溪2,-1.000000000000000,0.000000000000000,0.000000000000000,5510.350000000000400,146.000000000000000,118.8410034,26.4657993,118.8030014,26.4808998,118.8030014,26.4808998,26.4652996,118.7649994
147,148,3,古田溪1,-1.000000000000000,0.000000000000000,2.000000000000000,7765.791000000000200,147.000000000000000,118.8030014,26.4808998,118.7649994,26.4652996,118.7649994,26.4652996,26.3722992,118.7259979
148,149,2,洋天溪,-1.000000000000000,0.000000000000000,0.000000000000000,13998.637000000001000,148.000000000000000,118.6709976,26.5112000,118.6589966,26.4188004,118.6589966,26.4188004,26.3722992,118.7259979
149,150,3,古田溪1,1.000000000000000,1.000000000000000,0.000000000000000,7710.510000000000200,149.000000000000000,118.8440018,26.5088005,118.8030014,26.4808998,118.8030014,26.4808998,26.4652996,118.7649994
150,151,2,东溪,-1.000000000000000,0.000000000000000,2.000000000000000,18747.369999999999000,150.000000000000000,117.7669983,26.5205994,117.8000031,26.4036007,117.8000031,26.4036007,26.3957005,117.8150024
151,152,4,金溪6,1.000000000000000,1.000000000000000,0.000000000000000,21717.883000000002000,151.000000000000000,117.0609970,26.4281998,117.0410004,26.5372009,117.0410004,26.5372009,26.6028004,117.0849991
152,153,5,金溪7,-1.000000000000000,0.000000000000000,0.000000000000000,7470.505000000000100,152.000000000000000,117.0169983,26.5102997,117.0410004,26.5372009,117.0410004,26.5372009,26.6028004,117.0849991
153,154,4,金溪6,1.000000000000000,1.000000000000000,2.000000000000000,1941.710000000000000,153.000000000000000,117.0410004,26.5372009,117.0410004,26.5478001,117.0410004,26.5478001,26.6028004,117.0849991
154,155,1,闽江,1.000000000000000,1.000000000000000,2.000000000000000,27511.715000000000000,154.000000000000000,118.3130035,26.5611992,118.4469986,26.4050999,118.4469986,26.4050999,26.4188004,118.6589966
155,156,3,金溪,1.000000000000000,1.000000000000000,0.000000000000000,12179.215000000000000,155.000000000000000,116.6389999,26.5172997,116.6800003,26.5751991,116.6800003,26.5751991,26.7611008,116.8099976
156,157,3,东溪1,-1.000000000000000,1.000000000000000,0.000000000000000,25971.723999999998000,156.000000000000000,117.6169968,26.5683002,117.7669983,26.5205994,117.7669983,26.5205994,26.4036007,117.8000031
157,158,1,沙溪,1.000000000000000,0.000000000000000,2.000000000000000,13577.021000000001000,157.000000000000000,117.9700012,26.5016003,118.0329971,26.5781002,118.0329971,26.5781002,27.8707008,117.9690018
158,159,4,金溪2,1.000000000000000,1.000000000000000,0.000000000000000,7325.210000000000000,158.000000000000000,117.4599991,26.5349998,117.4499969,26.5807991,117.4499969,26.5807991,26.6250000,117.4209976
159,160,5,金溪7,-1.000000000000000,0.000000000000000,0.000000000000000,30200.230000000000000,159.000000000000000,116.8919983,26.5806999,117.0410004,26.5478001,117.0410004,26.5478001,26.6028004,117.0849991
160,161,5,金溪3,-1.000000000000000,0.000000000000000,0.000000000000000,3785.592999999999800,160.000000000000000,117.4779968,26.5764008,117.4499969,26.5807991,117.4499969,26.5807991,26.6250000,117.4209976
161,162,4,安远溪,-1.000000000000000,0.000000000000000,2.000000000000000,1569.673000000000000,161.000000000000000,116.6709976,26.5816994,116.6800003,26.5751991,116.6800003,26.5751991,26.7611008,116.8099976
162,163,1,闽江,1.000000000000000,1.000000000000000,2.000000000000000,9177.416999999999500,162.000000000000000,118.0329971,26.5781002,118.1119995,26.5778008,118.1119995,26.5778008,26.6380997,118.1790009
163,164,4,金溪6,1.000000000000000,1.000000000000000,2.000000000000000,11546.513999999999000,163.000000000000000,117.0410004,26.5478001,117.0849991,26.6028004,117.0849991,26.6028004,26.7070999,117.1110001
164,165,5,金溪7,-1.000000000000000,0.000000000000000,0.000000000000000,28441.162000000000000,164.000000000000000,117.1600037,26.4605007,117.0849991,26.6028004,117.0849991,26.6028004,26.7070999,117.1110001
165,166,5,安远溪1,-1.000000000000000,0.000000000000000,0.000000000000000,6760.225000000000400,165.000000000000000,116.6419983,26.6156006,116.6709976,26.5816994,116.6709976,26.5816994,26.5751991,116.6800003
166,167,4,安远溪,1.000000000000000,1.000000000000000,0.000000000000000,14887.788000000000000,166.000000000000000,116.5849991,26.6187000,116.6709976,26.5816994,116.6709976,26.5816994,26.5751991,116.6800003
167,168,4,古田溪5,-1.000000000000000,0.000000000000000,0.000000000000000,14047.442999999999000,167.000000000000000,118.9329987,26.5615997,118.8759995,26.6221008,118.8759995,26.6221008,26.6110001,118.8099976
168,169,4,金溪2,1.000000000000000,1.000000000000000,2.000000000000000,8374.343000000000800,168.000000000000000,117.4499969,26.5807991,117.4209976,26.6250000,117.4209976,26.6250000,26.6462994,117.4179993
169,170,3,古田溪4,-1.000000000000000,0.000000000000000,2.000000000000000,11014.160000000000000,169.000000000000000,118.8759995,26.6221008,118.8099976,26.6110001,118.8099976,26.6110001,26.4652996,118.7649994
170,171,2,东溪,1.000000000000000,1.000000000000000,0.000000000000000,16446.287000000000000,170.000000000000000,117.8059998,26.6273994,117.7669983,26.5205994,117.7669983,26.5205994,26.4036007,117.8000031
171,172,5,金溪3,-1.000000000000000,0.000000000000000,0.000000000000000,10275.796000000000000,171.000000000000000,117.3919983,26.5893002,117.4209976,26.6250000,117.4209976,26.6250000,26.6462994,117.4179993
172,173,1,闽江,1.000000000000000,1.000000000000000,2.000000000000000,9805.707000000000300,172.000000000000000,118.1119995,26.5778008,118.1790009,26.6380997,118.1790009,26.6380997,26.5611992,118.3130035
173,174,1,闽江,1.000000000000000,1.000000000000000,2.000000000000000,16392.462000000000000,173.000000000000000,118.1790009,26.6380997,118.3130035,26.5611992,118.3130035,26.5611992,26.4050999,118.4469986
174,175,4,金溪2,-1.000000000000000,0.000000000000000,2.000000000000000,3248.608999999999900,174.000000000000000,117.4209976,26.6250000,117.4179993,26.6462994,117.4179993,26.6462994,27.6770000,117.3860016
175,176,2,南山溪,-1.000000000000000,0.000000000000000,2.000000000000000,17739.404999999999000,175.000000000000000,118.3509979,26.6495991,118.3130035,26.5611992,118.3130035,26.5611992,26.4050999,118.4469986
176,177,3,南山溪1,-1.000000000000000,0.000000000000000,0.000000000000000,8029.805000000000300,176.000000000000000,118.4110031,26.6488991,118.3509979,26.6495991,118.3509979,26.6495991,26.5611992,118.3130035
177,178,3,古田溪4,1.000000000000000,1.000000000000000,2.000000000000000,10539.785000000000000,177.000000000000000,118.9150009,26.6704998,118.8759995,26.6221008,118.8759995,26.6221008,26.6110001,118.8099976
178,179,3,古田溪4,1.000000000000000,1.000000000000000,2.000000000000000,4113.837000000000400,178.000000000000000,118.9440002,26.6770000,118.9150009,26.6704998,118.9150009,26.6704998,26.6221008,118.8759995
179,180,4,古田溪7,-1.000000000000000,0.000000000000000,0.000000000000000,6374.863000000000300,179.000000000000000,118.9749985,26.7033005,118.9440002,26.6770000,118.9440002,26.6770000,26.6704998,118.9150009
180,181,4,古田溪6,-1.000000000000000,0.000000000000000,0.000000000000000,5067.487000000000100,180.000000000000000,118.9079971,26.7054996,118.9150009,26.6704998,118.9150009,26.6704998,26.6221008,118.8759995
181,182,5,金溪17,-1.000000000000000,0.000000000000000,0.000000000000000,11234.661000000000000,181.000000000000000,116.6600037,26.6951008,116.7160034,26.7388000,116.7160034,26.7388000,26.7611008,116.8099976
182,183,4,金溪15,1.000000000000000,0.000000000000000,2.000000000000000,293.673000000000000,182.000000000000000,116.7139969,26.7406006,116.7160034,26.7388000,116.7160034,26.7388000,26.7611008,116.8099976
183,184,3,古田溪4,1.000000000000000,1.000000000000000,0.000000000000000,12429.447000000000000,183.000000000000000,118.9629974,26.7462997,118.9440002,26.6770000,118.9440002,26.6770000,26.6704998,118.9150009
184,185,3,南山溪1,-1.000000000000000,0.000000000000000,0.000000000000000,7095.918999999999900,184.000000000000000,118.4879990,26.7206001,118.4629974,26.7483997,118.4629974,26.7483997,26.6495991,118.3509979
185,186,2,南山溪,1.000000000000000,1.000000000000000,2.000000000000000,31199.724999999999000,185.000000000000000,118.4629974,26.7483997,118.3509979,26.6495991,118.3509979,26.6495991,26.5611992,118.3130035
186,187,4,金溪15,1.000000000000000,1.000000000000000,0.000000000000000,37980.754999999997000,186.000000000000000,116.5250015,26.7012997,116.7139969,26.7406006,116.7139969,26.7406006,26.7388000,116.7160034
187,188,4,福银溪,-1.000000000000000,0.000000000000000,0.000000000000000,17650.252000000000000,187.000000000000000,117.5589981,26.6599998,117.5250015,26.7605991,117.5250015,26.7605991,26.7801991,117.5469971
188,189,3,金溪,1.000000000000000,1.000000000000000,2.000000000000000,37636.830999999998000,188.000000000000000,116.6800003,26.5751991,116.8099976,26.7611008,116.8099976,26.7611008,26.8187008,116.8359985
189,190,3,金溪,1.000000000000000,1.000000000000000,2.000000000000000,25780.730000000000000,189.000000000000000,117.4179993,26.6462994,117.5070038,26.7670002,117.5070038,26.7670002,26.7605991,117.5250015
190,191,3,金溪,1.000000000000000,1.000000000000000,2.000000000000000,2019.554000000000100,190.000000000000000,117.5070038,26.7670002,117.5250015,26.7605991,117.5250015,26.7605991,26.7801991,117.5469971
191,192,4,金溪15,-1.000000000000000,0.000000000000000,2.000000000000000,18693.956999999999000,191.000000000000000,116.7160034,26.7388000,116.8099976,26.7611008,116.8099976,26.7611008,26.8187008,116.8359985
192,193,4,官亭溪,-1.000000000000000,0.000000000000000,0.000000000000000,7591.991000000000000,192.000000000000000,118.7070007,26.7537994,118.7460022,26.7723999,118.7460022,26.7723999,26.7061005,118.7860031
193,194,3,金溪,1.000000000000000,1.000000000000000,2.000000000000000,3766.905000000000200,193.000000000000000,117.5250015,26.7605991,117.5469971,26.7801991,117.5469971,26.7801991,27.1040993,117.6409988
194,195,3,平湖溪,1.000000000000000,1.000000000000000,0.000000000000000,4478.841000000000300,194.000000000000000,118.7139969,26.7828007,118.7460022,26.7723999,118.7460022,26.7723999,26.7061005,118.7860031
195,196,2,富屯溪,-1.000000000000000,1.000000000000000,2.000000000000000,37325.589000000000000,195.000000000000000,117.9430008,26.7940006,118.0329971,26.5781002,118.0329971,26.5781002,27.8707008,117.9690018
196,197,4,蚊溪,-1.000000000000000,0.000000000000000,0.000000000000000,19640.516000000000000,196.000000000000000,117.6979980,26.6807003,117.7220001,26.7942009,117.7220001,26.7942009,26.7949009,117.7969971
197,198,2,富屯溪,1.000000000000000,1.000000000000000,2.000000000000000,19637.022000000001000,197.000000000000000,117.7969971,26.7949009,117.9430008,26.7940006,117.9430008,26.7940006,26.5781002,118.0329971
198,199,3,金溪,-1.000000000000000,0.000000000000000,2.000000000000000,8404.334999999999100,198.000000000000000,117.7220001,26.7942009,117.7969971,26.7949009,117.7969971,26.7949009,26.7940006,117.9430008
199,200,2,建溪,-1.000000000000000,0.000000000000000,2.000000000000000,31420.901999999998000,199.000000000000000,118.2500000,26.8187008,118.1790009,26.6380997,118.1790009,26.6380997,26.5611992,118.3130035
200,201,3,金溪,1.000000000000000,1.000000000000000,2.000000000000000,11734.612999999999000,200.000000000000000,116.8099976,26.7611008,116.8359985,26.8187008,116.8359985,26.8187008,26.8736000,116.8909988
201,202,5,金溪16,-1.000000000000000,0.000000000000000,0.000000000000000,17570.779999999999000,201.000000000000000,116.6819992,26.8232994,116.7139969,26.7406006,116.7139969,26.7406006,26.7388000,116.7160034
202,203,2,南山溪,1.000000000000000,1.000000000000000,0.000000000000000,28281.464000000000000,202.000000000000000,118.5790024,26.8239994,118.4629974,26.7483997,118.4629974,26.7483997,26.6495991,118.3509979
203,204,3,金溪,1.000000000000000,1.000000000000000,2.000000000000000,22199.773000000001000,203.000000000000000,117.5469971,26.7801991,117.7220001,26.7942009,117.7220001,26.7942009,26.7949009,117.7969971
204,205,3,崇洋溪,-1.000000000000000,0.000000000000000,2.000000000000000,17419.345000000001000,204.000000000000000,118.7760010,26.8201008,118.8069992,26.7401009,118.8069992,26.7401009,26.7061005,118.7860031
205,206,4,金溪9,-1.000000000000000,0.000000000000000,0.000000000000000,20887.651000000002000,205.000000000000000,117.1770020,26.8267994,117.0309982,26.8218994,117.0309982,26.8218994,26.7070999,117.1110001
206,207,3,金溪,1.000000000000000,1.000000000000000,2.000000000000000,3071.112999999999800,206.000000000000000,117.0350037,26.8488007,117.0309982,26.8218994,117.0309982,26.8218994,26.7070999,117.1110001
207,208,3,金溪,1.000000000000000,1.000000000000000,2.000000000000000,5111.040000000000000,207.000000000000000,117.0100021,26.8605003,117.0350037,26.8488007,117.0350037,26.8488007,26.8218994,117.0309982
208,209,2,建溪,1.000000000000000,1.000000000000000,2.000000000000000,9973.316000000000700,208.000000000000000,118.3050003,26.8686008,118.2500000,26.8187008,118.2500000,26.8187008,26.6380997,118.1790009
209,210,4,下炉溪,-1.000000000000000,0.000000000000000,0.000000000000000,13832.427000000000000,209.000000000000000,117.5130005,26.8705997,117.5469971,26.7801991,117.5469971,26.7801991,27.1040993,117.6409988
210,211,3,十字溪,-1.000000000000000,0.000000000000000,0.000000000000000,10903.675999999999000,210.000000000000000,118.3759995,26.8370991,118.3050003,26.8686008,118.3050003,26.8686008,26.8187008,118.2500000
211,212,3,金溪,1.000000000000000,1.000000000000000,2.000000000000000,20460.246999999999000,211.000000000000000,116.8909988,26.8736000,117.0100021,26.8605003,117.0100021,26.8605003,26.8488007,117.0350037
212,213,3,金溪,1.000000000000000,1.000000000000000,2.000000000000000,15671.341000000000000,212.000000000000000,116.8359985,26.8187008,116.8909988,26.8736000,116.8909988,26.8736000,26.8605003,117.0100021
213,214,4,上乾溪,-1.000000000000000,0.000000000000000,0.000000000000000,11920.850000000000000,213.000000000000000,118.7160034,26.8773003,118.7760010,26.8201008,118.7760010,26.8201008,26.7401009,118.8069992
214,215,3,崇洋溪,1.000000000000000,1.000000000000000,2.000000000000000,10662.522000000001000,214.000000000000000,118.7610016,26.8936005,118.7760010,26.8201008,118.7760010,26.8201008,26.7401009,118.8069992
215,216,4,金溪15,-1.000000000000000,0.000000000000000,0.000000000000000,19983.310000000001000,215.000000000000000,116.7549973,26.8971004,116.8359985,26.8187008,116.8359985,26.8187008,26.8736000,116.8909988
216,217,2,长桥溪,1.000000000000000,1.000000000000000,0.000000000000000,34723.050000000003000,216.000000000000000,118.8870010,26.8890991,118.8069992,26.7401009,118.8069992,26.7401009,26.7061005,118.7860031
217,218,4,金溪10,-1.000000000000000,0.000000000000000,2.000000000000000,20999.147000000001000,217.000000000000000,117.1760025,26.9018002,117.0350037,26.8488007,117.0350037,26.8488007,26.8218994,117.0309982
218,219,4,金溪10,1.000000000000000,1.000000000000000,2.000000000000000,494.468999999999990,218.000000000000000,117.1800003,26.9001999,117.1760025,26.9018002,117.1760025,26.9018002,26.8488007,117.0350037
219,220,5,迎恩溪,-1.000000000000000,0.000000000000000,0.000000000000000,12755.696000000000000,219.000000000000000,117.2570038,26.9064007,117.1800003,26.9001999,117.1800003,26.9001999,26.9018002,117.1760025
220,221,2,建溪,1.000000000000000,1.000000000000000,2.000000000000000,5730.027000000000000,220.000000000000000,118.2979965,26.9106007,118.3050003,26.8686008,118.3050003,26.8686008,26.8187008,118.2500000
221,222,3,崇洋溪,1.000000000000000,1.000000000000000,0.000000000000000,6428.582999999999600,221.000000000000000,118.7160034,26.9234009,118.7610016,26.8936005,118.7610016,26.8936005,26.8201008,118.7760010
222,223,2,富屯溪,1.000000000000000,1.000000000000000,2.000000000000000,18191.374000000000000,222.000000000000000,117.7770004,26.9246006,117.7969971,26.7949009,117.7969971,26.7949009,26.7940006,117.9430008
223,224,4,崇洋溪1,-1.000000000000000,0.000000000000000,0.000000000000000,9772.165000000000900,223.000000000000000,118.8150024,26.9297009,118.7610016,26.8936005,118.7610016,26.8936005,26.8201008,118.7760010
224,225,4,积善溪,-1.000000000000000,0.000000000000000,0.000000000000000,32863.868000000002000,224.000000000000000,117.3860016,26.9337997,117.5070038,26.7670002,117.5070038,26.7670002,26.7605991,117.5250015
225,226,4,金溪10,1.000000000000000,1.000000000000000,2.000000000000000,7011.645999999999700,225.000000000000000,117.2040024,26.9377995,117.1800003,26.9001999,117.1800003,26.9001999,26.9018002,117.1760025
226,227,4,金溪14,-1.000000000000000,0.000000000000000,0.000000000000000,15508.227999999999000,226.000000000000000,116.8489990,26.9440994,116.8909988,26.8736000,116.8909988,26.8736000,26.8605003,117.0100021
227,228,3,小桥溪,-1.000000000000000,0.000000000000000,0.000000000000000,42737.427000000003000,227.000000000000000,118.5390015,26.9382992,118.2979965,26.9106007,118.2979965,26.9106007,26.8686008,118.3050003
228,229,2,富屯溪,1.000000000000000,1.000000000000000,2.000000000000000,11162.048000000001000,228.000000000000000,117.7239990,26.9831009,117.7770004,26.9246006,117.7770004,26.9246006,25.9988003,117.8519974
229,230,3,路兹溪,-1.000000000000000,0.000000000000000,0.000000000000000,37209.177000000003000,229.000000000000000,117.9940033,27.0032005,117.9430008,26.7940006,117.9430008,26.7940006,26.5781002,118.0329971
230,231,5,朱口溪,-1.000000000000000,0.000000000000000,0.000000000000000,14415.129999999999000,230.000000000000000,117.1839981,27.0039997,117.2040024,26.9377995,117.2040024,26.9377995,26.9001999,117.1800003
231,232,4,金溪13,-1.000000000000000,0.000000000000000,0.000000000000000,30063.393000000000000,231.000000000000000,117.0029984,27.0226002,117.0100021,26.8605003,117.0100021,26.8605003,26.8488007,117.0350037
232,233,2,建溪,1.000000000000000,1.000000000000000,2.000000000000000,19273.444000000000000,232.000000000000000,118.3160019,27.0298004,118.2979965,26.9106007,118.2979965,26.9106007,26.8686008,118.3050003
233,234,5,左圣溪,-1.000000000000000,0.000000000000000,0.000000000000000,25602.490000000002000,233.000000000000000,117.1039963,27.0333004,117.1760025,26.9018002,117.1760025,26.9018002,26.8488007,117.0350037
234,235,3,高阳溪,-1.000000000000000,0.000000000000000,0.000000000000000,49370.544000000002000,234.000000000000000,118.1350021,27.0410004,118.2500000,26.8187008,118.2500000,26.8187008,26.6380997,118.1790009
235,236,2,建溪,1.000000000000000,1.000000000000000,2.000000000000000,2937.690999999999800,235.000000000000000,118.3000031,27.0515995,118.3160019,27.0298004,118.3160019,27.0298004,26.9106007,118.2979965
236,237,3,富屯溪6,-1.000000000000000,1.000000000000000,0.000000000000000,46350.425000000003000,236.000000000000000,117.4550018,27.0564003,117.7239990,26.9831009,117.7239990,26.9831009,26.9246006,117.7770004
237,238,4,金溪10,1.000000000000000,1.000000000000000,2.000000000000000,22676.826000000001000,237.000000000000000,117.2789993,27.0723991,117.2040024,26.9377995,117.2040024,26.9377995,26.9001999,117.1800003
238,239,2,富屯溪,1.000000000000000,1.000000000000000,2.000000000000000,18613.519000000000000,238.000000000000000,117.6620026,27.1019993,117.7239990,26.9831009,117.7239990,26.9831009,26.9246006,117.7770004
239,240,3,密溪,-1.000000000000000,1.000000000000000,0.000000000000000,15571.764999999999000,239.000000000000000,117.5469971,27.0699005,117.6409988,27.1040993,117.6409988,27.1040993,27.1019993,117.6620026
240,241,2,富屯溪,1.000000000000000,1.000000000000000,2.000000000000000,3178.610999999999900,240.000000000000000,117.6409988,27.1040993,117.6620026,27.1019993,117.6620026,27.1019993,26.9831009,117.7239990
241,242,3,富屯溪5,-1.000000000000000,1.000000000000000,0.000000000000000,39126.953999999998000,241.000000000000000,117.9150009,27.1170006,117.7770004,26.9246006,117.7770004,26.9246006,25.9988003,117.8519974
242,243,4,金溪10,1.000000000000000,1.000000000000000,2.000000000000000,11379.349000000000000,242.000000000000000,117.3040009,27.1434994,117.2789993,27.0723991,117.2789993,27.0723991,26.9377995,117.2040024
243,244,5,金溪12,-1.000000000000000,0.000000000000000,0.000000000000000,5032.733000000000200,243.000000000000000,117.3420029,27.1509991,117.3040009,27.1434994,117.3040009,27.1434994,27.0723991,117.2789993
244,245,5,水源溪1,-1.000000000000000,0.000000000000000,0.000000000000000,16174.679000000000000,244.000000000000000,118.8320007,27.1058006,118.7429962,27.1564007,118.7429962,27.1564007,27.1748009,118.6760025
245,246,4,水源溪,1.000000000000000,1.000000000000000,0.000000000000000,2960.829999999999900,245.000000000000000,118.7689972,27.1530991,118.7429962,27.1564007,118.7429962,27.1564007,27.1748009,118.6760025
246,247,3,朱坊河,-1.000000000000000,1.000000000000000,0.000000000000000,12418.550999999999000,246.000000000000000,117.7279968,27.1737995,117.6620026,27.1019993,117.6620026,27.1019993,26.9831009,117.7239990
247,248,3,松溪,-1.000000000000000,0.000000000000000,2.000000000000000,50714.589000000000000,247.000000000000000,118.6760025,27.1748009,118.3160019,27.0298004,118.3160019,27.0298004,26.9106007,118.2979965
248,249,4,水源溪,-1.000000000000000,0.000000000000000,2.000000000000000,8291.866000000000000,248.000000000000000,118.7429962,27.1564007,118.6760025,27.1748009,118.6760025,27.1748009,27.3355007,118.7089996
249,250,5,李宁溪,-1.000000000000000,0.000000000000000,0.000000000000000,21583.276999999998000,249.000000000000000,117.2080002,27.1639004,117.2789993,27.0723991,117.2789993,27.0723991,26.9377995,117.2040024
250,251,3,崇阳溪1,-1.000000000000000,0.000000000000000,0.000000000000000,23113.812000000002000,250.000000000000000,118.3960037,27.1809998,118.3000031,27.0515995,118.3000031,27.0515995,27.0298004,118.3160019
251,252,3,富屯溪8,-1.000000000000000,1.000000000000000,0.000000000000000,5584.502999999999700,251.000000000000000,117.5479965,27.1704998,117.5889969,27.1889992,117.5889969,27.1889992,27.1040993,117.6409988
252,253,4,金溪10,1.000000000000000,1.000000000000000,0.000000000000000,6403.872000000000300,252.000000000000000,117.3069992,27.1903000,117.3040009,27.1434994,117.3040009,27.1434994,27.0723991,117.2789993
253,254,2,建溪,1.000000000000000,1.000000000000000,2.000000000000000,24603.488000000001000,253.000000000000000,118.2340012,27.1952000,118.3000031,27.0515995,118.3000031,27.0515995,27.0298004,118.3160019
254,255,3,崇阳溪3,-1.000000000000000,0.000000000000000,0.000000000000000,25347.899000000001000,254.000000000000000,118.0660019,27.1350994,118.2089996,27.2091007,118.2089996,27.2091007,27.2495995,118.1289978
255,256,2,建溪,1.000000000000000,1.000000000000000,2.000000000000000,3538.223000000000000,255.000000000000000,118.2340012,27.1952000,118.2089996,27.2091007,118.2089996,27.2091007,27.2495995,118.1289978
256,257,3,崇阳溪4,1.000000000000000,1.000000000000000,0.000000000000000,17472.058000000001000,256.000000000000000,117.9970016,27.1830997,118.0989990,27.2292004,118.0989990,27.2292004,27.2495995,118.1289978
257,258,2,富屯溪,1.000000000000000,1.000000000000000,2.000000000000000,7646.554000000000100,257.000000000000000,117.6139984,27.2402992,117.5889969,27.1889992,117.5889969,27.1889992,27.1040993,117.6409988
258,259,4,富屯溪10,-1.000000000000000,0.000000000000000,0.000000000000000,8259.113999999999600,258.000000000000000,117.3799973,27.2297001,117.4199982,27.2467003,117.4199982,27.2467003,27.3110008,117.5490036
259,260,3,富屯溪9,1.000000000000000,1.000000000000000,0.000000000000000,12116.353999999999000,259.000000000000000,117.4300003,27.1685009,117.4199982,27.2467003,117.4199982,27.2467003,27.3110008,117.5490036
260,261,4,崇阳溪5,-1.000000000000000,0.000000000000000,0.000000000000000,12618.758000000000000,260.000000000000000,118.0049973,27.2329006,118.0989990,27.2292004,118.0989990,27.2292004,27.2495995,118.1289978
261,262,3,崇阳溪4,-1.000000000000000,1.000000000000000,2.000000000000000,4736.060000000000400,261.000000000000000,118.0989990,27.2292004,118.1289978,27.2495995,118.1289978,27.2495995,27.3299007,118.1210022
262,263,2,建溪,1.000000000000000,1.000000000000000,2.000000000000000,13634.540999999999000,262.000000000000000,118.2089996,27.2091007,118.1289978,27.2495995,118.1289978,27.2495995,27.3299007,118.1210022
263,264,3,富屯溪9,-1.000000000000000,1.000000000000000,0.000000000000000,7675.012999999999900,263.000000000000000,117.6549988,27.2861004,117.6139984,27.2402992,117.6139984,27.2402992,27.1889992,117.5889969
264,265,2,富屯溪,1.000000000000000,1.000000000000000,2.000000000000000,11640.455000000000000,264.000000000000000,117.5559998,27.3033009,117.6139984,27.2402992,117.6139984,27.2402992,27.1889992,117.5889969
265,266,3,富屯溪9,-1.000000000000000,0.000000000000000,2.000000000000000,17262.668000000001000,265.000000000000000,117.4199982,27.2467003,117.5490036,27.3110008,117.5490036,27.3110008,27.3033009,117.5559998
266,267,2,富屯溪,1.000000000000000,1.000000000000000,2.000000000000000,1083.249000000000000,266.000000000000000,117.5490036,27.3110008,117.5559998,27.3033009,117.5559998,27.3033009,27.2402992,117.6139984
267,268,2,富屯溪,1.000000000000000,1.000000000000000,2.000000000000000,4087.891999999999800,267.000000000000000,117.5189972,27.3285007,117.5490036,27.3110008,117.5490036,27.3110008,27.3033009,117.5559998
268,269,2,建溪,1.000000000000000,1.000000000000000,2.000000000000000,12075.953000000000000,268.000000000000000,118.1289978,27.2495995,118.1210022,27.3299007,118.2089996,27.2091007,27.2495995,118.1289978
269,270,3,松溪,1.000000000000000,1.000000000000000,2.000000000000000,26605.060000000001000,269.000000000000000,118.6760025,27.1748009,118.7089996,27.3355007,118.7089996,27.3355007,27.5582008,118.7259979
270,271,3,古山溪,-1.000000000000000,0.000000000000000,0.000000000000000,26690.165000000001000,270.000000000000000,117.3399963,27.3083000,117.5059967,27.3374004,117.5059967,27.3374004,27.3285007,117.5189972
271,272,2,富屯溪,1.000000000000000,1.000000000000000,2.000000000000000,1601.890000000000100,271.000000000000000,117.5059967,27.3374004,117.5189972,27.3285007,117.5189972,27.3285007,27.3110008,117.5490036
272,273,3,松溪,1.000000000000000,1.000000000000000,2.000000000000000,2224.960999999999800,272.000000000000000,118.6949997,27.3498001,118.7089996,27.3355007,118.7089996,27.3355007,27.5582008,118.7259979
273,274,4,麻阳溪2,-1.000000000000000,0.000000000000000,0.000000000000000,26378.102999999999000,273.000000000000000,117.7979965,27.3134995,117.9489975,27.3656998,117.9489975,27.3656998,27.3299007,118.1210022
274,275,3,麻阳溪,-1.000000000000000,0.000000000000000,2.000000000000000,36417.273000000001000,274.000000000000000,117.9489975,27.3656998,118.1210022,27.3299007,118.1289978,27.2495995,27.3299007,118.1210022
275,276,4,七星溪,-1.000000000000000,0.000000000000000,0.000000000000000,52787.546999999999000,275.000000000000000,119.0690002,27.3675995,118.7089996,27.3355007,118.7089996,27.3355007,27.5582008,118.7259979
276,277,4,松溪1,-1.000000000000000,0.000000000000000,0.000000000000000,17994.105000000000000,276.000000000000000,118.5699997,27.4036999,118.6949997,27.3498001,118.6949997,27.3498001,27.3355007,118.7089996
277,278,3,顾县河,-1.000000000000000,0.000000000000000,0.000000000000000,13534.325000000001000,277.000000000000000,117.5500031,27.4307003,117.5189972,27.3285007,117.5189972,27.3285007,27.3110008,117.5490036
278,279,2,建溪,1.000000000000000,1.000000000000000,2.000000000000000,17075.936000000002000,278.000000000000000,118.0830002,27.4493008,118.1210022,27.3299007,118.1289978,27.2495995,27.3299007,118.1210022
279,280,3,西溪,1.000000000000000,1.000000000000000,0.000000000000000,67977.889999999999000,279.000000000000000,117.0640030,27.1641006,117.2160034,27.4526005,117.2160034,27.4526005,27.5461006,117.3460007
280,281,3,南浦溪,-1.000000000000000,0.000000000000000,2.000000000000000,51216.071000000004000,280.000000000000000,118.4079971,27.4862003,118.2340012,27.1952000,118.2340012,27.1952000,27.2091007,118.2089996
281,282,4,南浦溪1,-1.000000000000000,0.000000000000000,0.000000000000000,15764.000000000000000,281.000000000000000,118.5090027,27.4402008,118.4079971,27.4862003,118.4079971,27.4862003,27.1952000,118.2340012
282,283,2,富屯溪,1.000000000000000,1.000000000000000,2.000000000000000,27161.674999999999000,282.000000000000000,117.3909988,27.4946003,117.5059967,27.3374004,117.5059967,27.3374004,27.3285007,117.5189972
283,284,2,建溪,1.000000000000000,1.000000000000000,2.000000000000000,8438.888999999999200,283.000000000000000,118.0699997,27.5039997,118.0830002,27.4493008,118.0830002,27.4493008,27.3299007,118.1210022
284,285,3,松溪,1.000000000000000,1.000000000000000,2.000000000000000,25177.021000000001000,284.000000000000000,118.7340012,27.5079994,118.6949997,27.3498001,118.6949997,27.3498001,27.3355007,118.7089996
285,286,3,后崇溪,-1.000000000000000,0.000000000000000,0.000000000000000,24298.011999999999000,285.000000000000000,118.2529984,27.5207005,118.0830002,27.4493008,118.0830002,27.4493008,27.3299007,118.1210022
286,287,3,松溪,1.000000000000000,1.000000000000000,2.000000000000000,5855.698000000000300,286.000000000000000,118.7839966,27.5219994,118.7340012,27.5079994,118.7340012,27.5079994,27.3498001,118.6949997
287,288,4,松溪2,-1.000000000000000,0.000000000000000,0.000000000000000,9948.010000000000200,287.000000000000000,118.8450012,27.4822006,118.7839966,27.5219994,118.7839966,27.5219994,27.5079994,118.7340012
288,289,3,兴田溪,-1.000000000000000,0.000000000000000,0.000000000000000,10154.763999999999000,288.000000000000000,118.0059967,27.5233002,118.0699997,27.5039997,118.0699997,27.5039997,27.4493008,118.0830002
289,290,2,建溪,1.000000000000000,1.000000000000000,2.000000000000000,3257.007000000000100,289.000000000000000,118.0719986,27.5293007,118.0699997,27.5039997,118.0699997,27.5039997,27.4493008,118.0830002
290,291,3,麻阳溪,1.000000000000000,1.000000000000000,2.000000000000000,68162.876999999993000,290.000000000000000,117.6429977,27.5389004,117.9489975,27.3656998,117.9489975,27.3656998,27.3299007,118.1210022
291,292,2,富屯溪,1.000000000000000,1.000000000000000,2.000000000000000,8526.425999999999500,291.000000000000000,117.3460007,27.5461006,117.3909988,27.4946003,117.3909988,27.4946003,27.3374004,117.5059967
292,293,3,评溪,-1.000000000000000,0.000000000000000,2.000000000000000,9699.058000000000900,292.000000000000000,117.4489975,27.5466995,117.3909988,27.4946003,117.3909988,27.4946003,27.3374004,117.5059967
293,294,3,西溪,-1.000000000000000,1.000000000000000,2.000000000000000,22614.026000000002000,293.000000000000000,117.2160034,27.4526005,117.3460007,27.5461006,117.3460007,27.5461006,27.4946003,117.3909988
294,295,4,评溪1,-1.000000000000000,0.000000000000000,0.000000000000000,14788.853999999999000,294.000000000000000,117.5410004,27.5566998,117.4489975,27.5466995,117.4489975,27.5466995,27.4946003,117.3909988
295,296,2,富屯溪,1.000000000000000,1.000000000000000,2.000000000000000,1778.800999999999900,295.000000000000000,117.3359985,27.5575008,117.3460007,27.5461006,117.3460007,27.5461006,27.4946003,117.3909988
296,297,4,杉溪,-1.000000000000000,0.000000000000000,2.000000000000000,9505.502000000000400,296.000000000000000,118.7259979,27.5582008,118.7340012,27.5079994,118.7340012,27.5079994,27.3498001,118.6949997
297,298,4,西溪2,-1.000000000000000,0.000000000000000,0.000000000000000,23955.276000000002000,297.000000000000000,117.1559982,27.5634995,117.2160034,27.4526005,117.2160034,27.4526005,27.5461006,117.3460007
298,299,2,富屯溪,1.000000000000000,1.000000000000000,2.000000000000000,1517.662000000000000,298.000000000000000,117.3450012,27.5683002,117.3359985,27.5575008,117.3359985,27.5575008,27.5461006,117.3460007
299,300,2,富屯溪,1.000000000000000,1.000000000000000,2.000000000000000,2193.056000000000000,299.000000000000000,117.3399963,27.5867996,117.3450012,27.5683002,117.3450012,27.5683002,27.5575008,117.3359985
300,301,3,南浦溪,1.000000000000000,1.000000000000000,2.000000000000000,15640.236000000001000,300.000000000000000,118.4179993,27.5946999,118.4079971,27.4862003,118.4079971,27.4862003,27.1952000,118.2340012
301,302,4,南浦溪2,-1.000000000000000,0.000000000000000,0.000000000000000,8945.190000000000500,301.000000000000000,118.4700012,27.5988007,118.4179993,27.5946999,118.4179993,27.5946999,27.4862003,118.4079971
302,303,3,松溪,1.000000000000000,1.000000000000000,2.000000000000000,14952.463000000000000,302.000000000000000,118.8539963,27.6035004,118.7839966,27.5219994,118.7839966,27.5219994,27.5079994,118.7340012
303,304,3,扰评溪,-1.000000000000000,0.000000000000000,0.000000000000000,11654.861999999999000,303.000000000000000,117.4270020,27.6058006,117.3450012,27.5683002,117.3450012,27.5683002,27.5575008,117.3359985
304,305,4,杉溪,1.000000000000000,1.000000000000000,0.000000000000000,16339.520000000000000,304.000000000000000,118.6480026,27.6135998,118.7259979,27.5582008,118.7259979,27.5582008,27.5079994,118.7340012
305,306,3,评溪,1.000000000000000,1.000000000000000,0.000000000000000,15547.195000000000000,305.000000000000000,117.5329971,27.6131001,117.4489975,27.5466995,117.4489975,27.5466995,27.4946003,117.3909988
306,307,2,富屯溪,1.000000000000000,1.000000000000000,2.000000000000000,3775.550000000000200,306.000000000000000,117.3440018,27.6182003,117.3399963,27.5867996,117.3399963,27.5867996,27.5683002,117.3450012
307,308,3,砂评溪,-1.000000000000000,0.000000000000000,0.000000000000000,21886.221000000001000,307.000000000000000,117.2080002,27.6207008,117.3359985,27.5575008,117.3359985,27.5575008,27.5461006,117.3460007
308,309,5,杉溪1,-1.000000000000000,0.000000000000000,0.000000000000000,11679.493000000000000,308.000000000000000,118.7089996,27.6280003,118.7259979,27.5582008,118.7259979,27.5582008,27.5079994,118.7340012
309,310,3,松溪,1.000000000000000,1.000000000000000,2.000000000000000,5589.378999999999900,309.000000000000000,118.8830032,27.6378994,118.8539963,27.6035004,118.8539963,27.6035004,27.5219994,118.7839966
310,311,2,建溪,1.000000000000000,1.000000000000000,2.000000000000000,24414.401999999998000,310.000000000000000,117.9720001,27.6390991,118.0719986,27.5293007,118.0719986,27.5293007,27.5039997,118.0699997
311,312,3,南岸溪,-1.000000000000000,0.000000000000000,0.000000000000000,30696.200000000001000,311.000000000000000,118.1800003,27.6418991,118.0719986,27.5293007,118.0719986,27.5293007,27.5039997,118.0699997
312,313,3,麻阳溪,1.000000000000000,1.000000000000000,0.000000000000000,19288.298999999999000,312.000000000000000,117.5670013,27.6436005,117.6429977,27.5389004,117.6429977,27.5389004,27.3656998,117.9489975
313,314,4,九曲溪4,-1.000000000000000,0.000000000000000,0.000000000000000,8005.140000000000300,313.000000000000000,117.9079971,27.5979004,117.9309998,27.6441994,117.9309998,27.6441994,27.6390991,117.9720001
314,315,4,九曲溪2,-1.000000000000000,0.000000000000000,0.000000000000000,5133.970999999999500,314.000000000000000,117.7990036,27.6268997,117.8320007,27.6459007,117.8320007,27.6459007,27.6583996,117.8799973
315,316,3,金陵溪,-1.000000000000000,0.000000000000000,0.000000000000000,18511.065999999999000,315.000000000000000,117.2519989,27.6478996,117.3399963,27.5867996,117.3399963,27.5867996,27.5683002,117.3450012
316,317,3,南浦溪,1.000000000000000,1.000000000000000,2.000000000000000,8008.848000000000000,316.000000000000000,118.4089966,27.6485996,118.4179993,27.5946999,118.4179993,27.5946999,27.4862003,118.4079971
317,318,3,九曲溪,-1.000000000000000,0.000000000000000,2.000000000000000,8138.402000000000000,317.000000000000000,117.9309998,27.6441994,117.9720001,27.6390991,117.9720001,27.6390991,27.5293007,118.0719986
318,319,3,九曲溪,1.000000000000000,1.000000000000000,2.000000000000000,5488.262999999999900,318.000000000000000,117.8320007,27.6459007,117.8799973,27.6583996,117.8799973,27.6583996,27.6441994,117.9309998
319,320,3,九曲溪,1.000000000000000,1.000000000000000,2.000000000000000,6068.757999999999800,319.000000000000000,117.8799973,27.6583996,117.9309998,27.6441994,117.9309998,27.6441994,27.6390991,117.9720001
320,321,2,富屯溪,1.000000000000000,1.000000000000000,2.000000000000000,6870.260000000000200,320.000000000000000,117.3830032,27.6613998,117.3440018,27.6182003,117.3440018,27.6182003,27.5867996,117.3399963
321,322,4,黄坑溪,-1.000000000000000,0.000000000000000,0.000000000000000,18690.621999999999000,321.000000000000000,117.7070007,27.6620007,117.6429977,27.5389004,117.6429977,27.5389004,27.3656998,117.9489975
322,323,4,清溪1,-1.000000000000000,0.000000000000000,0.000000000000000,12612.715000000000000,322.000000000000000,117.5329971,27.6341000,117.4530029,27.6644001,117.4530029,27.6644001,27.6613998,117.3830032
323,324,3,九曲溪,1.000000000000000,1.000000000000000,2.000000000000000,3869.784000000000100,323.000000000000000,117.8130035,27.6718998,117.8320007,27.6459007,117.8320007,27.6459007,27.6583996,117.8799973
324,325,3,清溪,-1.000000000000000,0.000000000000000,2.000000000000000,9550.055000000000300,324.000000000000000,117.4530029,27.6644001,117.3830032,27.6613998,117.3830032,27.6613998,27.6182003,117.3440018
325,326,2,富屯溪,1.000000000000000,1.000000000000000,2.000000000000000,2033.097000000000000,325.000000000000000,117.3860016,27.6770000,117.3830032,27.6613998,117.3830032,27.6613998,27.6182003,117.3440018
326,327,2,建溪,1.000000000000000,1.000000000000000,2.000000000000000,4701.342999999999800,326.000000000000000,117.9810028,27.6783009,117.9720001,27.6390991,117.9720001,27.6390991,27.5293007,118.0719986
327,328,2,建溪,1.000000000000000,1.000000000000000,2.000000000000000,1049.585000000000000,327.000000000000000,117.9899979,27.6821003,117.9810028,27.6783009,117.9810028,27.6783009,27.6390991,117.9720001
328,329,4,梅溪1,-1.000000000000000,0.000000000000000,0.000000000000000,13648.334999999999000,328.000000000000000,118.2050018,27.6921997,118.1169968,27.6903000,118.1169968,27.6903000,27.6821003,117.9899979
329,330,3,梅溪,-1.000000000000000,0.000000000000000,2.000000000000000,18701.067999999999000,329.000000000000000,118.1169968,27.6903000,117.9899979,27.6821003,117.9899979,27.6821003,27.6783009,117.9810028
330,331,3,汉溪,-1.000000000000000,0.000000000000000,0.000000000000000,19388.549999999999000,330.000000000000000,117.2699966,27.6982002,117.3440018,27.6182003,117.3440018,27.6182003,27.5867996,117.3399963
331,332,4,石波溪,-1.000000000000000,0.000000000000000,2.000000000000000,13384.999000000000000,331.000000000000000,118.3750000,27.7068996,118.4089966,27.6485996,118.4089966,27.6485996,27.5946999,118.4179993
332,333,4,竹口溪,-1.000000000000000,0.000000000000000,0.000000000000000,14137.822000000000000,332.000000000000000,118.9410019,27.7075996,118.8830032,27.6378994,118.8830032,27.6378994,27.6035004,118.8539963
333,334,5,石波溪1,-1.000000000000000,0.000000000000000,0.000000000000000,4438.308000000000000,333.000000000000000,118.3359985,27.7189007,118.3750000,27.7068996,118.3750000,27.7068996,27.6485996,118.4089966
334,335,4,九曲溪3,-1.000000000000000,0.000000000000000,0.000000000000000,13331.820000000000000,334.000000000000000,117.8499985,27.7320004,117.8799973,27.6583996,117.8799973,27.6583996,27.6441994,117.9309998
335,336,3,梅溪,1.000000000000000,1.000000000000000,0.000000000000000,12163.008000000000000,335.000000000000000,118.1640015,27.7381001,118.1169968,27.6903000,118.1169968,27.6903000,27.6821003,117.9899979
336,337,3,梅溪,-1.000000000000000,0.000000000000000,2.000000000000000,9959.728999999999400,336.000000000000000,117.3570023,27.7394009,117.3860016,27.6770000,117.3860016,27.6770000,27.6613998,117.3830032
337,338,4,石波溪,1.000000000000000,1.000000000000000,0.000000000000000,5269.761999999999700,337.000000000000000,118.3939972,27.7411003,118.3750000,27.7068996,118.3750000,27.7068996,27.6485996,118.4089966
338,339,3,松溪,1.000000000000000,1.000000000000000,0.000000000000000,53361.623000000000000,338.000000000000000,119.1490021,27.7413006,118.8830032,27.6378994,118.8830032,27.6378994,27.6035004,118.8539963
339,340,2,富屯溪,1.000000000000000,1.000000000000000,0.000000000000000,10024.453000000000000,339.000000000000000,117.4179993,27.7460003,117.3860016,27.6770000,117.3860016,27.6770000,27.6613998,117.3830032
340,341,4,九曲溪1,-1.000000000000000,0.000000000000000,0.000000000000000,15457.683000000001000,340.000000000000000,117.7649994,27.7488003,117.8130035,27.6718998,117.8130035,27.6718998,27.6459007,117.8320007
341,342,3,南浦溪,1.000000000000000,1.000000000000000,2.000000000000000,33368.616999999998000,341.000000000000000,118.5199966,27.7560997,118.4089966,27.6485996,118.4089966,27.6485996,27.5946999,118.4179993
342,343,4,蒲田溪,-1.000000000000000,0.000000000000000,2.000000000000000,25850.723999999998000,342.000000000000000,118.7730026,27.7598000,118.8539963,27.6035004,118.8539963,27.6035004,27.5219994,118.7839966
343,344,3,黄柏溪,-1.000000000000000,0.000000000000000,0.000000000000000,18572.794000000002000,343.000000000000000,117.9179993,27.7635002,117.9810028,27.6783009,117.9810028,27.6783009,27.6390991,117.9720001
344,345,2,建溪,1.000000000000000,1.000000000000000,0.000000000000000,11153.050999999999000,344.000000000000000,118.0319977,27.7663002,117.9899979,27.6821003,117.9899979,27.6821003,27.6783009,117.9810028
345,346,3,清溪,1.000000000000000,1.000000000000000,0.000000000000000,10371.071000000000000,345.000000000000000,117.6289978,27.7397995,117.5609970,27.7705994,117.5609970,27.7705994,27.6644001,117.4530029
346,347,3,清溪,1.000000000000000,1.000000000000000,2.000000000000000,25276.239000000001000,346.000000000000000,117.5609970,27.7705994,117.4530029,27.6644001,117.4530029,27.6644001,27.6613998,117.3830032
347,348,5,蒲田溪1,-1.000000000000000,0.000000000000000,0.000000000000000,4652.559000000000200,347.000000000000000,118.7379990,27.7807007,118.7730026,27.7598000,118.7730026,27.7598000,27.6035004,118.8539963
348,349,3,西溪,-1.000000000000000,0.000000000000000,2.000000000000000,9246.492000000000200,348.000000000000000,117.9749985,27.7950993,118.0319977,27.7663002,118.0319977,27.7663002,27.6821003,117.9899979
349,350,4,蒲田溪,1.000000000000000,1.000000000000000,0.000000000000000,7081.256000000000300,349.000000000000000,118.7949982,27.8122005,118.7730026,27.7598000,118.7730026,27.7598000,27.6035004,118.8539963
350,351,3,九曲溪,1.000000000000000,1.000000000000000,0.000000000000000,36875.025000000001000,350.000000000000000,117.7020035,27.8211002,117.8130035,27.6718998,117.8130035,27.6718998,27.6459007,117.8320007
351,352,4,永兴溪,-1.000000000000000,0.000000000000000,2.000000000000000,13800.491000000000000,351.000000000000000,118.4449997,27.8358994,118.5199966,27.7560997,118.5199966,27.7560997,27.6485996,118.4089966
352,353,5,永兴溪1,-1.000000000000000,0.000000000000000,0.000000000000000,21594.591000000000000,352.000000000000000,118.2939987,27.7924995,118.4449997,27.8358994,118.4449997,27.8358994,27.7560997,118.5199966
353,354,3,南浦溪,1.000000000000000,1.000000000000000,2.000000000000000,10768.375000000000000,353.000000000000000,118.5429993,27.8423004,118.5199966,27.7560997,118.5199966,27.7560997,27.6485996,118.4089966
354,355,4,坑口溪,-1.000000000000000,0.000000000000000,2.000000000000000,12285.066000000001000,354.000000000000000,117.9690018,27.8707008,117.9749985,27.7950993,117.9749985,27.7950993,27.7663002,118.0319977
355,356,4,富岭溪,-1.000000000000000,0.000000000000000,2.000000000000000,14732.932000000001000,355.000000000000000,118.6269989,27.8950996,118.5429993,27.8423004,118.5429993,27.8423004,27.7560997,118.5199966
356,357,3,西溪,1.000000000000000,1.000000000000000,0.000000000000000,33893.612999999998000,356.000000000000000,117.7870026,27.8722992,117.9749985,27.7950993,117.9749985,27.7950993,27.7663002,118.0319977
357,358,3,南浦溪,1.000000000000000,1.000000000000000,2.000000000000000,10794.018000000000000,357.000000000000000,118.5210037,27.9176998,118.5429993,27.8423004,118.5429993,27.8423004,27.7560997,118.5199966
358,359,4,坑口溪,1.000000000000000,1.000000000000000,0.000000000000000,11432.860000000001000,358.000000000000000,117.9410019,27.9472008,117.9690018,27.8707008,117.9690018,27.8707008,27.7950993,117.9749985
359,360,5,坑口溪1,-1.000000000000000,0.000000000000000,0.000000000000000,16244.616000000000000,359.000000000000000,118.0329971,27.9638996,117.9690018,27.8707008,117.9690018,27.8707008,27.7950993,117.9749985
360,361,4,南浦溪5,-1.000000000000000,0.000000000000000,0.000000000000000,7796.987000000000100,360.000000000000000,118.5019989,27.9745998,118.5210037,27.9176998,118.5210037,27.9176998,27.8423004,118.5429993
361,362,5,富岭溪1,-1.000000000000000,0.000000000000000,0.000000000000000,15874.321000000000000,361.000000000000000,118.6780014,27.9922009,118.6269989,27.8950996,118.6269989,27.8950996,27.8423004,118.5429993
362,363,4,永兴溪,1.000000000000000,1.000000000000000,0.000000000000000,38533.574999999997000,362.000000000000000,118.2799988,28.0135002,118.4449997,27.8358994,118.4449997,27.8358994,27.7560997,118.5199966
363,364,2,建溪,1.000000000000000,1.000000000000000,0.000000000000000,53076.425999999999000,363.000000000000000,118.1490021,28.0310993,118.0319977,27.7663002,118.0319977,27.7663002,27.6821003,117.9899979
364,365,3,南浦溪,1.000000000000000,1.000000000000000,2.000000000000000,24851.270000000000000,364.000000000000000,118.5520020,28.0375996,118.5210037,27.9176998,118.5210037,27.9176998,27.8423004,118.5429993
365,366,4,官田溪,-1.000000000000000,0.000000000000000,0.000000000000000,17467.026999999998000,365.000000000000000,118.6669998,28.0571003,118.5520020,28.0375996,118.5520020,28.0375996,27.9176998,118.5210037
366,367,3,南浦溪,1.000000000000000,1.000000000000000,0.000000000000000,44324.178000000000000,366.000000000000000,118.6600037,28.2663002,118.5520020,28.0375996,118.5520020,28.0375996,27.9176998,118.5210037
367,368,2,古田溪,1.000000000000000,1.000000000000000,2.000000000000000,14944.553000000000000,367.000000000000000,118.7860031,26.7061005,118.8099976,26.6110001,118.8099976,26.6110001,26.4652996,118.7649994
368,369,2,长桥溪,1.000000000000000,0.000000000000000,2.000000000000000,6035.720000000000300,368.000000000000000,118.8069992,26.7401009,118.7860031,26.7061005,118.7860031,26.7061005,26.7061005,118.7860031
369,370,3,平湖溪,-1.000000000000000,0.000000000000000,2.000000000000000,14771.106000000000000,369.000000000000000,118.7460022,26.7723999,118.7860031,26.7061005,118.7860031,26.7061005,26.7401009,118.8069992
370,371,3,青印溪,-1.000000000000000,0.000000000000000,0.000000000000000,14603.278000000000000,370.000000000000000,118.1139984,26.2000008,118.1940002,26.1807003,118.1940002,26.1807003,26.2849007,118.2699966
371,372,3,青印溪,1.000000000000000,1.000000000000000,2.000000000000000,22088.224999999999000,371.000000000000000,118.0179977,26.2416992,118.1139984,26.2000008,118.1139984,26.2000008,26.1807003,118.1940002
372,373,4,青印溪2,-1.000000000000000,0.000000000000000,0.000000000000000,12929.129999999999000,372.000000000000000,118.1179962,26.2768002,118.1139984,26.2000008,118.1139984,26.2000008,26.1807003,118.1940002
373,374,3,金溪,1.000000000000000,1.000000000000000,2.000000000000000,35231.582999999999000,373.000000000000000,117.2009964,26.6732006,117.4179993,26.6462994,117.4179993,26.6462994,27.6770000,117.3860016
374,375,4,金溪5,-1.000000000000000,0.000000000000000,0.000000000000000,17615.914000000001000,374.000000000000000,117.1989975,26.7598000,117.2009964,26.6732006,117.2009964,26.6732006,26.6462994,117.4179993
375,376,4,金溪6,-1.000000000000000,0.000000000000000,2.000000000000000,15988.415000000001000,375.000000000000000,117.0849991,26.6028004,117.1110001,26.7070999,117.1110001,26.7070999,26.6732006,117.2009964
376,377,3,金溪,1.000000000000000,1.000000000000000,2.000000000000000,12457.964000000000000,376.000000000000000,117.1110001,26.7070999,117.2009964,26.6732006,117.2009964,26.6732006,26.6462994,117.4179993
377,378,3,金溪,1.000000000000000,1.000000000000000,2.000000000000000,19481.939999999999000,377.000000000000000,117.0309982,26.8218994,117.1110001,26.7070999,117.1110001,26.7070999,26.6732006,117.2009964
378,379,1,沙溪,1.000000000000000,1.000000000000000,2.000000000000000,25607.155999999999000,378.000000000000000,117.8379974,26.3876991,117.9700012,26.5016003,117.9700012,26.5016003,26.5781002,118.0329971
379,380,1,闽江,1.000000000000000,1.000000000000000,2.000000000000000,15649.166999999999000,379.000000000000000,118.6589966,26.4188004,118.7259979,26.3722992,118.7259979,26.3722992,27.5079994,118.7340012
380,381,1,九龙溪,1.000000000000000,0.000000000000000,0.000000000000000,39119.264999999999000,380.000000000000000,117.0879974,26.0508003,117.3119965,25.9757996,117.3119965,25.9757996,26.0186996,117.3899994
381,382,2,古田溪,1.000000000000000,1.000000000000000,2.000000000000000,30249.988000000001000,381.000000000000000,118.8099976,26.6110001,118.7649994,26.4652996,118.7649994,26.4652996,26.3722992,118.7259979
382,383,4,文江溪2,-1.000000000000000,0.000000000000000,0.000000000000000,22577.455999999998000,382.000000000000000,117.7770004,25.8754005,117.8519974,25.9988003,117.8519974,25.9988003,25.9866009,117.8700027
383,384,3,文江溪,1.000000000000000,1.000000000000000,0.000000000000000,17276.114000000001000,383.000000000000000,117.7460022,26.0615997,117.8219986,26.0261002,117.8219986,26.0261002,25.9988003,117.8519974
384,385,4,富岭溪,1.000000000000000,1.000000000000000,0.000000000000000,60390.618000000002000,384.000000000000000,118.7659988,28.0872002,118.6269989,27.8950996,118.6269989,27.8950996,27.8423004,118.5429993
385,386,3,同青河,-1.000000000000000,0.000000000000000,0.000000000000000,24618.500000000000000,385.000000000000000,117.5920029,27.4339008,117.5559998,27.3033009,117.5559998,27.3033009,27.2402992,117.6139984
386,387,2,富屯溪,1.000000000000000,1.000000000000000,2.000000000000000,15439.285000000000000,386.000000000000000,117.5889969,27.1889992,117.6409988,27.1040993,117.6409988,27.1040993,27.1019993,117.6620026
387,388,2,沙溪1,-1.000000000000000,0.000000000000000,0.000000000000000,28233.852999999999000,387.000000000000000,118.1869965,26.4204006,118.1119995,26.5778008,118.1119995,26.5778008,26.6380997,118.1790009
388,389,2,沙溪2,-1.000000000000000,0.000000000000000,0.000000000000000,26512.708999999999000,388.000000000000000,118.0309982,26.3556995,117.9700012,26.5016003,117.9700012,26.5016003,26.5781002,118.0329971
389,390,2,沙溪4,-1.000000000000000,0.000000000000000,0.000000000000000,42409.347000000002000,389.000000000000000,117.2289963,26.2257004,117.4380035,26.0825005,117.4380035,26.0825005,26.1795006,117.5179977
390,391,3,吴坊洋溪,-1.000000000000000,0.000000000000000,2.000000000000000,29489.856000000000000,390.000000000000000,117.0419998,25.5946007,117.0670013,25.7381001,117.0670013,25.7381001,25.9757996,117.3119965
391,392,2,水茜溪,1.000000000000000,1.000000000000000,0.000000000000000,22247.959999999999000,391.000000000000000,116.7659988,26.5240993,116.7429962,26.4087009,116.7429962,26.4087009,26.3339005,116.7340012
392,393,4,清溪1,-1.000000000000000,0.000000000000000,0.000000000000000,16982.169999999998000,392.000000000000000,117.6709976,27.8013992,117.5609970,27.7705994,117.5609970,27.7705994,27.6644001,117.4530029